Accuracy: 0.8180217199882595
F1: 0.817155294114607
Precision: 0.8211680543656374
Recall: 0.8218387310602506
