Accuracy: 0.8580217199882595
F1: 0.857155294114607
Precision: 0.8611680543656374
Recall: 0.8618387310602506
