Accuracy: 0.7839741708247725
F1: 0.7826341562311733
Precision: 0.7970689597483855
Recall: 0.7878818512936582
